1058853098108739584
1058853176605061121
1058853267042680838
1058853306141937665
1058853324286394368
1058853350018609152
1058853377495322624
1058853380410564608
1058853403684679680
1058853404800438272
1058853417257496583
1058853444692389888
1058853455715024896
1058853472358072327
1058853486425788417
1058853510073192448
1058853529459347456
1058853539668209665
1058853548677578753
1058853550317539332
1058853561382125568
1058853565144256512
1058853566956429313
1058853574472622081
1058853577060483078
1058853586212401154
1058853587919536128
1058853601760690176
1058853604294045696
1058853605984342016
1058853618407952384
1058853619561390086
1058853654390865922
1058853662099795968
1058853711185883136
1058853735718416384
1058853747688923136
1058853751992266753
1058853759491686401
1058853766982758400
1058853769436368896
1058853773135753216
1058853774423408641
1058853782090670080
1058853791439708161
1058853792920289282
1058853818258075649
1058853819352862720
1058853835781914625
1058853837749059584
1058853859735601152
1058853866039640064
1058853867490889728
1058853869223059458
1058853870926024704
1058853879457169409
1058853889699692544
1058853908896985089
1058853923841339392
1058853948004753408
1058853954291990540
1058853974273675264
1058853985438892032
1058853993080938496
1058854029642620931
1058854032113127425
1058854036970004480
1058854037561503744
1058854043089420288
1058854046629543936
1058854058608549888
1058854073024344066
1058854078460149760
1058854082390179841
1058854088496934912
1058854094620758016
1058854106759159810
1058854110139695109
1058854142897254400
1058854156394348544
1058854164602724353
1058854166917861376
1058854171913244672
1058854180465659905
1058854197288951808
1058854204469469184
1058854207539814400
1058854214808424448
1058854232856522752
1058854275357466624
1058854281472815105
1058854286430482432
1058854303354535937
1058854306437304320
1058854333071220736
1058854341174611969
1058854347096895488
1058854371818115073
1058854372992565249
1058854373630054401
1058854389069373447
1058854389966913536
1058854422988566528
1058854446703226880
1058854455884607488
1058854462163468289
1058854483944448001
1058854491682934786
1058854514445479938
1058854525111623680
1058854547240697856
1058854568694448128
1058854569894121473
1058854589326344192
1058854616870334464
1058854628635348992
1058854633081372679
1058854633395892224
1058854652983345152
1058854652995887104
1058854673543761923
1058854676916043776
1058854683089952768
1058854698877403137
1058854706611699717
1058854708180324354
1058854725850927109
1058854738240790528
1058854741982306307
1058854748802203653
1058854748823212032
1058854769295540225
1058854792418734082
1058854799486210048
1058854827546042368
1058854829840310272
1058854845271044096
1058854865722662912
1058854886207569921
1058854909947330565
1058854923323015168
1058854929702383616
1058854935251640320
1058854943275278337
1058854948207771648
1058854958987177984
1058854974703222784
1058854989748154371
1058855007326367745
1058855115921285120
1058855120962764800
1058855121378000896
1058855138721517568
1058855141028306945
1058855151774154752
1058855158598246400
1058855160557068288
1058855172800217088
1058855185555116032
1058855202789433346
1058855220783005697
1058855221152096257
1058855254928834561
1058855285467410432
1058855286709145600
1058855303679221760
1058855308116811776
1058855339343388674
1058855379981996033
1058855436949032960
1058855448244355072
1058855466770542592
1058855479567441920
1058855480221687808
1058855482809614336
1058855485246455808
1058855485879635968
1058855488480137216
1058855489918910466
1058855517488103424
1058855539155918848
1058855556352561153
1058855560513310721
1058855569036111877
1058855616544997376
1058855675105853441
1058855717812269056
1058855763286859778
1058855771490799616
1058855786628050944
1058855788674985990
1058855798787502080
1058855836741758976
1058855839946158080
1058855843851104257
1058855856199122944
1058855885160747008
1058855894736404481
1058855895696781313
1058855929037316096
1058855940680757249
1058855947664265216
1058855967780147200
1058855991494746112
1058856002676813829
1058856052807086082
1058856080443428865
1058856143999643649
1058856149599039488
1058856166837628928
1058856182578704384
1058856212740141057
1058856222982594561
1058856225524334592
1058856226430300160
1058856240867147778
1058856240946823169
1058856247670132736
1058856275004583936
1058856304981139456
1058856316909821952
1058856356101292033
1058856356294336512
1058856378280816640
1058856417476726784
1058856456886206464
1058856467732647936
1058856490260463616
1058856492240171008
1058856511957540864
1058856563656527872
1058856593968762880
1058856598632914944
1058856605234667520
1058856624503238656
1058856631985934336
1058856635953750017
1058856640164839425
1058856655306272768
1058856682590269442
1058856753025056768
1058856761787105280
1058856773736521728
1058856876472000512
1058856911896961024
1058856931232747520
1058856935326388224
1058856956214042624
1058857101940928512
1058857111441022978
1058857141560373248
1058857163148460033
1058857196921016320
1058857204772564992
1058857261030891520
1058857269969018880
1058857275425583104
1058857279112560641
1058857290663514113
1058857323148402688
1058857348310163456
1058857349321027585
1058857364324057088
1058857371450138624
1058857425309257728
1058857451171106816
1058857496545239040
1058857522549927936
1058857582784380931
1058857592607436800
1058857601667080192
1058857604485668871
1058857700321300480
1058857738103648256
1058857765756497920
1058857776296923136
1058857821809373184
1058857832513191936
1058857858484199424
1058857894920171522
1058857895306002432
1058857906496512001
1058857915451301888
1058857923651231745
1058857941703557121
1058858045952933889
1058858057273405441
1058858072704274435
1058858074222534656
1058858084322418688
1058858087321427970
1058858104593543168
1058858172692262912
1058858183635230720
1058858187632324608
1058858234029596672
1058858257316540417
1058858275209428993
1058858279370190854
1058858299343417344
1058858308348661760
1058858312278597632
1058858457837629440
1058858475953029125
1058858525085102081
1058858568068214785
1058858605053726720
1058858691477278720
1058858693465387008
1058858720434774016
1058858768199507968
1058858797337325571
1058858825414049792
1058858827880251397
1058858836365336577
1058858852249149440
1058858881869324288
1058858883496755200
1058858884809469952
1058858919269974016
1058858944947519488
1058858948667891712
1058858965986144256
1058859045975662592
1058859069631553536
1058859094667415552
1058859222383947776
1058859295612133376
1058859328613031937
1058859340805914626
1058859396422402048
1058859490064371712
1058859518866542592
1058859549455577088
1058859570829910016
1058859616149364736
1058859632200888320
1058859633601855488
1058859723234201600
1058859767844823040
1058859782717636608
1058860047315464192
1058860059655094272
1058860075014676480
1058860120116027397
1058860165074575360
1058860234746191873
1058860259622699008
1058860306070421505
1058860401440555013
1058860486819766274
1058860513885646849
1058860570563219457
1058860718492131328
1058860785328418818
1058860785823334403
1058860832606613504
1058860907294380032
1058860941545213953
1058861020947595264
1058861024068149248
1058861025473323008
1058861035547848704
1058861044595130369
1058861236790616064
1058861238413778944
1058861259502899200
1058861323356905473
1058861335096758273
1058861355078422528
1058861394223742976
1058861423789522944
1058861500100759553
1058861608385069057
1058861619000819712
1058861701565739009
1058861718279905280
1058861777541365760
1058861780196356096
1058861790384156672
1058861960618369024
1058861995032748033
1058862001940844546
1058862259634618368
1058862291117113345
1058862336524673030
1058862475255386117
1058862481538465792
1058862506423267329
1058862571858653190
1058862588275101702
1058862637864378369
1058862702666366976
1058862712401346560
1058862787605266432
1058862830282309632
1058862880869752832
1058862920350736385
1058863152614531072
1058863195446743042
1058863336832593922
1058863392482619392
1058863453308301312
1058863489303896066
1058863540403126273
1058863550968537089
1058863582954352641
1058863640554729510
1058863677108051969
1058863822692343808
1058863838202859520
1058863895824216064
1058863990196133888
1058864077802475520
1058864082177179648
1058864093480792064
1058864112036446214
1058864216814338049
1058864240159846401
1058864297323966464
1058864300083818497
1058864420795961344
1058864441289293824
1058864474814332934
1058864504526774272
1058864558067073024
1058864742503190529
1058864824153710599
1058864909348454400
1058865002449383424
1058865081302372352
1058865146498633728
1058865286777069568
1058865304904835077
1058865465395679235
1058865516230647808
1058865696996761601
1058865810020724736
1058866049788076032
1058866110815260676
1058866114275483648
1058866134718578688
1058866252607901704
1058866288137781248
1058866294622224386
1058866629029679104
1058866829031030784
1058867023709523969
1058867142920192001
1058867388844818433
1058867454137548800
1058867545149763584
1058867952546541568
1058868030564982784
1058868040497020930
1058868099947077633
1058868634871910400
1058868704744783877
1058868711484997632
1058869089911926790
1058869235688996864
1058869302953172993
1058869399329873927
1058869599465340930
1058869727043428352
1058869842210484224
1058869945377841152
1058870023136165893
1058870036633411590
1058870514138181635
1058870542135123968
1058870571746910208
1058870609797570560
1058870752219410433
1058870828589309953
1058870861300551680
1058870902870499329
1058871026346532864
1058871084274016256
1058871108370382850
1058871199449731073
1058871249831690240
1058871269721018368
1058871334380421122
1058871461136470017
1058871753273942017
1058871986137505792
1058872457199869953
1058872522677084160
1058872574443024384
1058872698841968640
1058872704743419905
1058872751212126208
1058872805977133056
1058873211205509120
1058873231065694209
1058873269124775936
1058873423093489664
1058873431855427585
1058873478554755072
1058873607907090432
1058873612390883329
1058873662324031493
1058873773498208256
1058873783753285634
1058873824194818048
1058874137450504192
1058874179464912898
1058874306002731010
1058874344175267845
1058874371765424130
1058874386109943808
1058874386256670721
1058874409644109824
1058874544335806465
1058874630293913600
1058874656944521217
1058874803413753857
1058875109442613248
1058875595818483712
1058875619939803136
1058876196665012224
1058876566741094401
1058876755556020224
1058876762162192386
1058877197933600768
1058877200513015808
1058877438724395016
1058877453106642944
1058877912252907520
1058878127252729857
1058878178306019335
1058878240729624576
1058878809783578625
1058878974229708800
1058879238546317315
1058879365180743680
1058879415587950594
1058879509540364288
1058879536329379840
1058879572580724737
1058879638120865793
1058879668462501888
1058879700662128641
1058879897806954497
1058880322715013121
1058880377970982912
1058880566756630530
1058881880601346048
1058881959911440384
1058882186580017153
1058882538163163136
1058882661962407936
1058882911871545344
1058883168604971008
1058883189152903168
1058883418010857474
1058883551863734273
1058883899735113728
1058883902620594177
1058884092639490048
1058884807499730944
1058884863858638848
1058884880535293953
1058885175294222336
1058885261562646528
1058886048376389632
1058886163753242625
1058886217150935040
1058886332448210944
1058886409464045568
1058886531862147072
1058886934745870338
1058886947505139712
1058887560259399680
1058887879538237441
1058888104055070720
1058888200003960832
1058888270812192768
1058888453671321600
1058888474550550528
1058889135098720256
1058889683688677376
1058890167514161153
1058891035621781504
1058891334361198592
1058891701387816960
1058891896905494533
1058891994955685888
1058894150052012035
1058894221371936768
1058894335419301890
1058895848543846400
1058896590818160643
1058897069920997376
1058897801848016897
1058897802414211072
1058897830776107009
1058897974301024257
1058898438472060928
1058898571045601286
1058898581782958080
1058899242675253248
1058900595329941505
1058901146339819521
1058901249934966785
1058901842380406785
1058901935107915777
1058902023767232513
1058902650698260480
1058903203545300992
1058903287552823296
1058903388455428096
1058903806652620801
1058904155836817408
1058906972479582209
1058907276650602499
1058907942961975296
1058908806309183488
1058909367205015552
1058909584981680128
1058910001392173058
1058910675228131329
1058911440910852096
1058912175882944512
1058912336122183681
1058912654687944704
1058912947823509504
1058912953263710208
1058913285255372800
1058915226656141312
1058915228887515137
1058915315856404480
1058915670795210753
1058917510022520832
1058918395788300288
1058918600231215104
1058918907057180673
1058919215942385665
1058919401842401287
1058919499548647424
1058920277852119040
1058920818992865280
1058920865495171072
1058922368880513024
1058922848348180480
1058923461983264768
1058923774265876482
1058923869468209152
1058924019985121280
1058924167712501761
1058924658328711168
1058924670899154945
1058924916811161602
1058925102337847297
1058925678916063234
1058926437070065664
1058926663667306498
1058927121136078848
1058927183073181696
1058927204657115136
1058928590375542784
1058928752468598784
1058928903773929473
1058929107046727685
1058929812834869249
1058931290609725440
1058931975455559680
1058932384228392961
1058934104513634306
1058934690244161536
1058934932964290561
1058935005001535488
1058935188422582272
1058935900879626240
1058937018187694081
1058938204953358337
1058938960435646465
1058939650071543808
1058940062400946177
1058940150531543040
1058941063220449280
1058941935841394688
1058942715562549248
1058942816523575296
1058943651643047936
1058943727790628864
1058944620879626241
1058945146979524608
1058945765786181632
1058946157517463553
1058946470718697472
1058947918730805248
1058948645775540224
1058948727099011072
1058949094465527808
1058950227183460352
1058950384620843008
1058950547825483776
1058950567991492608
1058950935618084865
1058952454539227137
1058953208637272067
1058953547734224896
1058954553536565248
1058955960578785280
1058956339295256577
1058957530842521600
1058957580041576448
1058960008493387776
1058962010849902592
1058966437602172928
1058968890297012224
1058971510776479744
1058971648764731392
1058976983390928896
1058979447821553664
1058980844323332097
1058981379772477440
1058981514128605184
1058981723067895809
1058981886360379393
1058985787226710017
1058999406102540288
1059002933755428864
1059004925475078144
1059014336692273152
1059015609915187202
1059016463363727360
1059018908043173890
1059020862689501184
1059026459916873728
1059027852618878977
1059041804195151872
1059044114933542912
1059046392285421568
1059054753055944704
1059065429572902912
1059067896293408768
1059070241307799552
1059070692547837953
1059071514652209155
1059072269425803266
1059075675657773057
1059076477122174978
1059079393279062016
1059080075046461441
1059081709101170689
1059083399116320768
1059083882081988610
1059084543322439683
1059084820087799808
1059085646441181184
1059086252039958530
1059087236380135425
1059087301219880960
1059089122432823297
1059090773466103808
1059091396509003776
1059093767725158400
1059094544631975936
1059095249295998977
1059097581182246916
1059097604145987584
1059097927165988865
1059098378343276544
1059098442134368256
1059099338062905344
1059099689444884480
1059101243224875008
1059103109903859712
1059103521222676480
1059103650180669444
1059104947806060544
1059106649405706242
1059107519694540801
1059108284748177408
1059109076699762688
1059110363189391361
1059112267684421632
1059112531854348288
1059113383914598400
1059113554031378436
1059114132480385024
1059116546172190721
1059117135224627200
1059118564253282305
1059118637263523840
1059119615115190272
1059121624748843008
1059122011719516161
1059122814995910662
1059123120999563265
1059123361073119233
1059124737291546628
1059125082600235010
1059125941333483520
1059126076759252992
1059127292692230150
1059130344669102081
1059132368705880064
1059132710487236610
1059132792091631617
1059132939248779265
1059133234070650880
1059133464417583104
1059133611545378816
1059133707666317313
1059134891403759618
1059136900982824962
1059137395721990147
1059137473782132736
1059137993666187264
1059139648520212485
1059140048556310528
1059140074502156288
1059140758903517184
1059141882071183361
1059142316017954816
1059143496400072705
1059143659310899200
1059145759319187456
1059145938701373440
1059147873273683973
1059148438313549824
1059148460090372102
1059149364944343040
1059151636277481472
1059152510039003136
1059153357384777728
1059153650398961664
1059154277032091648
1059154617471139841
1059154911085187084
1059155942581903361
1059158434879221760
1059158721576742913
1059158881161633793
1059159157406883841
1059159264143454208
1059159684232306688
1059160438716358662
1059162904325431298
1059164014809243648
1059165487286886402
1059165743282118656
1059166333747773445
1059167651203858436
1059170533156286469
1059170972908093440
1059172556673048579
1059173490509533185
1059174098067177472
1059178025017847818
1059179351986655233
1059181954443198465
1059184430231638016
1059185590250352640
1059186529552269312
1059187267581837312
1059188289431715840
1059191887641231360
1059193278074105857
1059197011663249408
1059197114767466498
1059197281721708545
1059197916022157312
1059198884402982912
1059199168009273344
1059199834614308869
1059200413004492802
1059200616411488256
1059204644877099010
1059207504717144066
1059207903880642560
1059209331734994945
1059213056264286208
1059213440500154368
1059214970527854592
1059217122713317377
1059218122748489728
1059223708995387394
1059226594567438336
1059226824318828544
1059232363912327169
1059233457493196800
1059237344165822464
1059238222000152576
1059240038117113856
1059242028666515456
1059244740699480066
1059245521376669696
1059247347425832961
1059249349828493313
1059251026639773696
1059251373814931456
1059253409591803904
1059253511874117632
1059254038535913472
1059254583178887169
1059256233973178368
1059257551169175552
1059257945454723072
1059259548056223744
1059265724823363584
1059267064043577344
1059270502907183105
1059272749338656768
1059274349100830721
1059278437188333568
1059278488199282688
1059280486839795712
1059284098378842112
1059284649699147777
1059286552306638853
1059287973974425600
1059294536252510209
1059295643967967232
1059296185368932352
1059296984283004928
1059299117707354113
1059301966755418112
1059307489257172992
1059309174834819072
1059309317168525312
1059311297228095489
1059315210987679744
1059315563783024640
1059316598853365763
1059316628872146944
1059317687233310722
1059319617175384064
1059320009674100736
1059320642506387456
1059320767647756288
1059325054700400641
1059326566407143425
1059332197440782336
1059332879086284800
1059333162570964992
1059336295946706944
1059337853958742016
1059337870337441792
1059338108423061504
1059338402565251073
1059339184337547264
1059354926927630337
1059355816967364608
1059356750917206017
1059358490022445057
1059358621769728001
1059361553466572800
1059363166927253504
1059363552627122176
1059365320123502592
1059365337815076864
1059376916694654976
1059380121482612736
1059380310385680385
1059380367231053824
1059385941905805312
1059389006897602560
1059392321488334848
1059394397404577792
1059394586429218816
1059399972594937856
1059403525711691776
1059406560852500480
1059406886406107136
1059408895037317121
1059409685458096128
1059414303089004544
1059416458545946624
1059417509978288129
1059418337384546304
1059419938874626048
1059420240365395970
1059423666906284032
1059423734631747584
1059425341888839680
1059425549070798848
1059427551041544193
1059429172886544386
1059429447965777920
1059430380598632453
1059432647330545664
1059434483194171393
1059436455662178304
1059436816883945473
1059438239155712001
1059438303559249925
1059438775401635840
1059440248755814402
1059440999410421760
1059441334984077313
1059441441972412416
1059441635426254848
1059443020846825472
1059445691779563520
1059446166801301504
1059446773272530944
1059449540737163265
1059449940424953857
1059450262006390784
1059450380969537536
1059450522036506632
1059450606123925506
1059450912194920448
1059451483840827393
1059451940583686146
1059452568307462147
1059453570892873729
1059454178085359616
1059454779112472576
1059455392613367809
1059455801822191616
1059455839872958465
1059456167586549762
1059457062164410368
1059457163234545666
1059457654492405760
1059457765612142593
1059457784931123201
1059458203560357893
1059458314378141697
1059459393471819777
1059460357733998592
1059461755875848193
1059461839254368256
1059463262276870150
1059463498294484992
1059463498441330688
1059465677361180672
1059465841555714054
1059466818614628352
1059468423426641921
1059468529001525248
1059470525225824257
1059470542703607808
1059470811264884738
1059471169860993025
1059471390578016256
1059472099843153920
1059474193895641088
1059474197259472897
1059474538973589504
1059475036887760904
1059475824032780288
1059476069345095680
1059476472799395840
1059477567046991872
1059478520588464134
1059478529950302208
1059478762067234816
1059478821844500480
1059479190934839297
1059479402340323334
1059480652645654530
1059480661722128388
1059480724586291204
1059481029709307905
1059481040002170880
1059481385474445313
1059481651242303490
1059482669682065408
1059483959246184448
1059485703363534848
1059485783189528576
1059486246404349956
1059487632621625344
1059488493821456385
1059488566315810816
1059488877478666240
1059488913654460416
1059489162460577793
1059489469882097664
1059489924288778240
1059490062017200130
1059490719440818178
1059491293531901956
1059492582844256259
1059494236062711808
1059494545753366529
1059494936737972226
1059496178746822656
1059497185556000768
1059498661556695040
1059499138654572545
1059499144149110786
1059499883747516416
1059500139759501314
1059501281037946881
1059501886615834626
1059502096880463873
1059502305853300736
1059503699414994945
1059503799713325056
1059504066001281025
1059504254606553089
1059505465971916800
1059505604052496385
1059505762395918337
1059506817376641024
1059507732875825153
1059507910210924544
1059508468464447493
1059508661674946560
1059508808358158336
1059509889561714689
1059510140653760512
1059510673263259655
1059510868835213312
1059510976574353408
1059511570538078208
1059511612531445760
1059511988588490752
1059515506934407169
1059515617735254023
1059516859450503168
1059517459168968704
1059517506509885440
1059518776280985601
1059519339093786624
1059520216114245634
1059521968754573312
1059522941887700993
1059525807947816961
1059526374078234625
1059526546220900352
1059526722754727937
1059529458523222022
1059529849360932865
1059530250177019904
1059531098194149379
1059531176644354048
1059531343883833346
1059533479493349376
1059533952262770688
1059534360129474561
1059535348563349506
1059536129391845376
1059536151512530945
1059536460980862983
1059536537724088320
1059536761120931840
1059536926712193024
1059536958777507840
1059537345098194945
1059539217985036288
1059540058041184257
1059540133756702720
1059540286643363841
1059540384676745217
1059541047330500608
1059541335231942657
1059541613360435200
1059541938121138176
1059543307825614849
1059543615935000576
1059543933280120832
1059546200116871168
1059546364214939648
1059547100923473921
1059547128660459520
1059547352099381253
1059548480484622337
1059549331915767808
1059550700869427201
1059551169587011584
1059551491814506496
1059551572944814081
1059552313323470849
1059553068856066049
1059553477360144384
1059555149952311296
1059557405057540097
1059558171835068416
1059558781800103936
1059559510434562048
1059559576989646850
1059559758666063872
1059559949129281537
1059560036605849607
1059560055798820864
1059561617736769536
1059563143943221248
1059563193423532034
1059563277733281793
1059564690299387904
1059565088041000965
1059566025740414976
1059566378385096705
1059566604873216000
1059566656433856512
1059567007148990473
1059567106763751425
1059567581512777728
1059567959637663745
1059568647579058176
1059568798406107138
1059569149444263936
1059569179119050758
1059570001059831813
1059570963262697472
1059571039129268225
1059571150882267137
1059571261758672896
1059572044147363843
1059572766217830410
1059573097643364353
1059573403399655425
1059573526724784133
1059576213470101505
1059576731051319297
1059577527230959617
1059577961937035264
1059578558333493248
1059579758940471298
1059580477370179584
1059580765812461569
1059581123179757569
1059581578915926016
1059581720637440002
1059582179926306816
1059583807974592512
1059584172942069761
1059584366991429634
1059585595029274625
1059585692928536576
1059585993249042432
1059586086199050240
1059586147477790720
1059587762851069952
1059588069265993728
1059588716438597632
1059589659142041601
1059590503702913024
1059590932784406528
1059591181368082432
1059591266860756992
1059591595945811969
1059592067234459648
1059592452271595520
1059592507883962369
1059592766915833856
1059595050558996481
1059595085099098112
1059595108935483392
1059595259666145280
1059596286142365696
1059597008456114176
1059597203407171585
1059597613052452865
1059598474159710208
1059598867841327105
1059599630051229697
1059599740403400705
1059601246968053760
1059602458685652993
1059602743705382913
1059603334401875969
1059603361593507840
1059603752389435392
1059604074142859265
1059604265596084224
1059604822494756868
1059604917776773120
1059606117649707008
1059606495913017349
1059607834848100352
1059608775332651008
1059608832228409344
1059608922993164295
1059609018019340290
1059609270843400192
1059609356432478208
1059609752358006784
1059610145041207297
1059611390975954945
1059612198480240640
1059613084896002048
1059613400341405697
1059613983357886464
1059614079520776192
1059615273672683521
1059616953537646593
1059618084758188032
1059618434093277189
1059618506235351043
1059619684197101569
1059619888648675329
1059620087097946112
1059620759625195521
1059621193521741831
1059621383339208704
1059621972630536192
1059623284151599105
1059623463986520065
1059623656794537985
1059624429527937025
1059626003285397504
1059626106649743361
1059626249625190400
1059627765018710017
1059627805993000960
1059628486225207296
1059628527794839552
1059629005094117378
1059629710580244480
1059629897122045952
1059630188022153216
1059630192392495105
1059631089017208832
1059631356391632896
1059631495776817153
1059631866813337602
1059632146435002368
1059632330313269248
1059632942048264192
1059633921183436800
1059634733766721536
1059636433298825217
1059637498526220289
1059637739358969856
1059638026941489153
1059638602865565696
1059639443265597440
1059640068363538432
1059640398950342657
1059640974886850560
1059641023876526081
1059641031401062401
1059641263299928065
1059641569081360384
1059641681484623875
1059641999287033857
1059642193164550144
1059643002455355392
1059643774689775616
1059643863596449792
1059644732400381953
1059644762188365825
1059645061678358528
1059645095060877312
1059645461563367426
1059646294405181440
1059646683007447040
1059646783297650689
1059646789215604736
1059646942110576641
1059647011622920194
1059647178979700736
1059647337809641472
1059647434417229825
1059647556970369024
1059648290315255809
1059648418442764289
1059648420225282048
1059648550466998273
1059649032971321344
1059649205042536448
1059649351910391808
1059649406188830725
1059649624674394112
1059649726876868608
1059651123454398465
1059653294312710145
1059654297149939713
1059654792459501568
1059655275412627456
1059656535909949442
1059657266964586496
1059657802514382848
1059658531463458817
1059659355937751041
1059659622137716736
1059661105973227521
1059661131948720128
1059661698972426242
1059663121793605632
1059663588766425088
1059664173133676544
1059664471159914496
1059665338302906368
1059666819269705729
1059668395199610881
1059669055316090880
1059670613990760448
1059670991901724672
1059671085547962368
1059673484446453761
1059673876068818944
1059674764833423361
1059675043565834240
1059677821239386112
1059677858497478656
1059678943308070912
1059679149189677056
1059679160971550720
1059679604640759808
1059679855107891200
1059680147526172673
1059680176492167168
1059680611881963521
1059681823444344833
1059681972988063744
1059682146640637952
1059682593602396160
1059684334339264512
1059684495819849734
1059684670764240901
1059685232046206976
1059685234302689281
1059685313730105344
1059685499202240512
1059685789737644032
1059686198308831232
1059688005919682561
1059688183540187137
1059689139279294465
1059689826126061568
1059689948528357376
1059689960851288064
1059692205298909184
1059692936231739392
1059696995290406913
1059699089410002944
1059699185904181248
1059699599173214208
1059699893906731008
1059700480358535168
1059706631733207040
1059717397115035648
1059717419172679681
1059720596982923264
1059722173491798016
1059726627058311169
1059727583804190720
1059736730063028224
1059739273644179456
1059740687577440258
1059743849600466944
1059746098410147840
1059749066094063616
1059752503888101376
1059756931722698752
1059758395786375175
1059760762447712257
1059761055474335744
1059761773320925184
1059765634660253696
1059766242180022272
1059767728888791041
1059770471229673474
1059773987524411392
1059775312328830977
1059777872632532992
1059780723043954688
1059781886472478720
1059784305143091200
1059785141726326785
1059785346882297856
1059785569503391744
1059786246346682370
1059788844449611777
1059789447586332673
1059791345274048512
1059791380309049345
1059798688095260672
1059800844894388224
1059803580574715906
1059804093017939968
1059805896921006080
1059808610065309696
1059808705737359360
1059808848297558018
1059809604824113152
1059810428476366848
1059810602670063617
1059816968688164866
1059817642213695488
1059817867879706624
1059817868009848835
1059817943268237312
1059819420086755328
1059821062446309377
1059821976636870656
1059822098422603777
1059822248989736965
1059822860007604224
1059823187460931584
1059823229307678720
1059823480324014080
1059825137246179328
1059825333644472320
1059825573827096577
1059825612259577856
1059828489707311105
1059829227623759872
1059829932413644800
1059831913119186944
1059833923927064576
1059835041235288064
1059836270610763776
1059836283978113025
1059836455730712576
1059838163726798848
1059838356891336705
1059839659801493505
1059840121971736576
1059841477394731008
1059841555433959424
1059843202746728448
1059843494632742914
1059844646359027717
1059844946725871622
1059846131222372352
1059846884783730688
1059850025432481792
1059850053337186304
1059852651343560705
1059854423667679234
1059865821953056768
1059866556400914434
1059871864510660608
1059877910620790784
1059879769196584960
1059881200322527232
1059882555946586112
1059883068054556672
1059886699436634112
1059888073507594240
1059896042706092037
1059896279059349504
1059897626508845058
1059897744620507141
1059906422492794882
1059913933149126657
1059916390449209346
1059916628069097474
1059916926045040641
1059920603501740032
1059927689468043268
1059929675462524928
1059929985799086081
1059936532906303493
1059945266852388865
1059947213596622849
1059947550919278593
1059947617055064064
1059947811851005952
1059950662912491523
1059951786667184134
1059954158445518851
1059954672465780736
1059955396545265664
1059962243566198784
1059964977602273280
1059965675777781761
1059965950622085121
1059976860384354305
1059983136182874112
1059983948657426432
1059988249974841344
1059990247549808640
1059993446897868803
1059994057865232385
1059994473747410945
1059994908780625920
1059995704024854528
1059995866319282176
1060005341218377728
1060008195844984832
1060018852166320129
1060023547110797312
1060054829534347264
1060116363631566849
1060150701052121088
1060161333419749382
1060164485758009345
1060173086178377730
1060206891492618240
1060223844064133120
1060255338186883072
1060295443891056641
1060307611084615680
1060372064320675840
1060380649356386305
1060396484032675840
1060402919428763648
1060540958725627905
1060543412141744129
1060710633677631488
1060765298188521472
1060787306406264832
1061134772288831488
1061271939635929089
1061759729045790720
1061760784798113792
1061761218539675650
1061765571958763520
1061765722483933184
1061765904575406081
1061766029536346112
1061767109464576000
1061767756889108480
1061774390499700736
1061776918733864960
1061778228149411840
1061778589425823744
1061781453753602048
1061783375181213701
1061786369402368000
1061789791128305665
1061793070973239296
1061804379852980230
1061805981972226048
1061808596722294784
1061808816403238913
1061809680761016320
1061810326071578626
1061811025077592069
1061812271452696576
1061814343308861441
1061824656343252992
1061835042056478720
1061837916610138113
1061847331082039299
1061847688919040000
1061851801501290496
1061857328016867328
1061864701141925888
1061878835455639552
1061878994398658560
1061935949280657408
1061949948390981633
1061951282171338752
1061978583134949377
1061978593490808838
1061995487111364610
1062013905927495681
1062017229930270720
1062043457781485568
1062045436712808453
1062114808026284034
1062143540799721473
1062196575743721472
1062199132155248641
1062220374245552133
1062220669943869440
1062303571541217281
1062307941213224961
1062380329078538241
1062382413299531776
1063736183174426626
1064106908259364865
1064761763156148224
1065834210420637696
1066092898234568704
1073408760041930752
1080159686727471104
1146394805221625858
1146499842031542273
1146502599065186304
1146527557082406917
1146584242564079616
1147632808157835264
1159676154565074949
1172271196521545729
1183209340590800898
1189554002280759298
1193656150207684614
1193709142491500544
1216848800704270336
1216849833891454978
1216868711870750725
1216889262999732225
1216889914907930624
